939
615
788
481
748
488
336
297
363
801
836
962
13
951
855
495
455
165
997
118
293
882
519
562
51
382
505
77
978
585
534
686
677
745
736
812
116
148
318
755
180
120
254
863
660
292
515
122
226
48
535
725
117
154
602
981
232
361
70
502
578
412
710
469
864
182
894
477
950
135
362
58
854
296
897
173
566
128
582
376
317
906
616
661
613
759
358
840
31
86
909
166
330
56
864
731
589
622
681
654
815
291
694
733
325
558
392
323
460
693
816
244
342
122
88
438
309
405
549
439
606
647
307
460
797
746
785
36
295
500
169
4
958
5
288
20
933
331
31
836
90
252
677
168
624
241
617
695
962
574
614
330
15
885
136
9
698
683
82
280
626
429
480
478
133
862
845
529
20
470
38
677
332
562
692
399
999
685
712
997
788
758
215
782
647
289
506
586
474
898
385
825
410
858
447
344
148
217
445
192
759
541
314
876
795
161
6
558
611
638
209
494
414
104
499
831
245
113
796
324
266
235
258
862
60
405
778
423
229
52
783
465
632
294
67
36
534
397
580
155
226
873
328
972
678
84
485
503
373
42
118
439
640
403
565
471
152
961
558
343
678
817
743
13
796
169
871
453
592
79
251
924
737
156
288
123
288
861
174
391
811
364
470
541
277
315
437
543
766
20
517
504
816
597
97
948
942
394
274
46
777
679
743
973
735
437
574
544
382
603
869
558
637
129
854
192
781
316
817
673
193
242
344
951
456
728
740
725
825
160
670
155
752
627
529
312
80
830
157
435
151
790
188
182
669
591
89
562
696
941
486
822
959
189
532
540
58
310
822
424
521
293
715
935
492
817
233
234
852
557
801
485
921
838
904
24
296
707
257
117
734
796
553
439
613
471
636
510
17
980
561
250
597
998
992
495
183
110
524
346
766
479
370
761
813
505
748
994
27
799
293
482
281
104
403
707
642
241
805
80
813
404
523
755
336
433
717
926
967
439
416
829
6
777
249
620
735
454
923
439
384
181
863
888
587
196
586
189
313
766
46
876
723
451
504
652
561
252
62
54
27
707
617
79
796
553
984
521
398
217
135
987
752
529
832
587
222
494
334
604
290
471
755
930
509
263
122
824
315
528
191
403
525
274
734
837
548
129
78
949
102
279
239
287
371
22
121
537
679
487
544
85
39
649
366
382
352
729
146
33
92
580
794
309
888
484
218
468

